11111111222222222111111111111111111
11221122222222222222222222222222221
11221122222222222222222222222222221
11111111222222222111111111111111111
11221122222222222222222222222222221
11221122222222222222222222222222221
11111111222222222111111111111111111
11221122222222222222222222222222221
11221122222222222222222222222222221
11221122222222222222222222222222221
11221122222222222222222222222222221
---
0000000000000000000000000000000000
0333333333333333333333333333333333
03            33           3333 33
03     3       33          3333  3
03     3        33    3   333    0
03     3        33    3    333   0
03     3       33     3    3 33  3
03  p  3      33      3    3  3  3
03     3             3           3
0333333333333333333333333333333333
---
0000000000000000000000000000000000
0333333333333333333333333333333333
03            33           3333 33
03     3       33          3333  3
03     3        33    3   333    0
03     3        33    3    3333  0
03     3       33     3    3 33  3
03     3      33      3    3  3  3
03     3             3           3
0333333333333333333333333333333333
---
0000000000000000000000000000000000
0333333333333333333333333333333333
03            3           3333  33
03     3       3          3333   3
03     3        33    3   333    0
03     3        33    3    333   0
03     3       33     3      33  3
03     3      33      3       3  3
03     3             3           3
0333333333333333333333333333333333
---
0000000000000000000000000000000000
0333333333333333330033333333333333
03                               3
03                               3
03                               0
03                               0
03                               3
03                               3
03                               3
0333333333333333330033333333333333
---
0000000000000000000000000000000000
0333333333333333333333333333333333
03                               3
03                               3
03                               0
03                               0
03                               3
03                               3
03                               3
0333333333333333333333333333333333